episod,total_reward
1,8.988379152780794
2,8.979738691708611
3,54.40851681152941
4,17.616648411989747
5,20.70822817011942
6,54.73814608778636
7,23.387701781626998
8,11.932054776881083
9,8.979854105037685
10,8.983666657494993
11,5.996638495055201
12,5.997128776340647
13,5.997632714129093
14,5.9981003912459
15,8.991653699552764
16,8.992636261516152
17,8.995441158666472
18,2.999957373201351
19,2.999951608673886
20,2.999948284772651
21,2.999942571251175
22,2.999937474526347
23,2.9999327075927824
24,2.9999265780712854
25,2.9999229974674355
26,2.999917871187188
27,2.9999109815432052
28,2.9999039631948756
29,2.9998982440663555
30,2.9998914684252522
31,2.9998812622113205
32,2.999872431882669
33,2.9998590501077596
34,2.999848141640915
35,2.9998347727286236
36,2.999820810003331
37,2.999805061487349
38,2.9997922527132546
39,2.9997752427843913
40,2.999760624454869
41,2.9997430693801226
42,2.999728058404817
43,2.9997103447919344
44,2.9996910787516877
45,2.9996710576771792
46,2.9996438416433167
47,2.999612751414833
48,2.9995826656402107
49,2.999547868028956
50,2.9995051731705287
51,2.999461548627779
52,2.9994129204423583
53,2.9993536956154583
54,2.9992926333165792
55,2.99922810721188
56,2.9991517527303775
57,2.999073404204505
58,2.9989842950121925
59,2.9988963138014855
60,2.9987959576463017
61,2.998671438071198
62,2.998519501297452
63,2.9983735625584536
64,2.9982156279447976
65,5.974866219265498
66,5.972554889360124
67,5.970630206541364
68,5.968469923662676
69,5.9657630365435566
70,5.962895492430411
71,5.95993495024384
72,5.957376490285492
73,5.9550107150533
74,5.957652973619901
75,2.9945419542280423
76,2.994582798094868
77,2.994668093664395
78,2.9948266790764118
79,2.995006438012758
80,2.995236111923739
81,2.995488848021178
82,2.9957603452210284
83,2.9960015461722507
84,2.996258325121515
85,2.996469591137413
86,2.996659739630326
87,2.99683344096655
88,2.9970077623959313
89,2.9971627735078794
90,2.9973138445791556
91,2.997491324589806
92,2.9976252729444424
93,2.9977604259477144
94,2.99790789246908
95,2.9980135338774794
96,2.9981352247542064
97,2.9982798205428667
98,2.998422234952176
99,2.9985569327782113
100,2.9986699353512476
101,2.998492933619448
102,2.998268927532482
103,2.9980521979613615
104,2.997843775972414
105,2.997618879629687
106,2.997345171304346
107,2.9970472778665065
108,2.9967684089981654
109,2.9964770843678092
110,2.99610060836659
111,2.995779852272564
112,2.9954268970420097
113,5.982013467813532
114,5.979736721241741
115,5.9761986638584
116,5.974235053647634
117,5.969792873285479
118,5.96506378221301
119,5.961087993830537
120,5.957915409302455
121,5.953227193625903
122,5.946224948453676
123,5.940463597154167
124,8.849882778453349
125,8.81542461948954
126,8.796236361144647
127,11.567107871762593
128,14.251440791107992
129,16.895322407978348
130,19.6597583907526
131,24.070903467984493
132,29.30244152312916
133,26.640136420919845
134,24.158355112397754
135,26.097362756399257
136,23.825352585655626
137,24.441397260916645
138,30.09642210461251
139,27.774279743506078
140,26.9322503127427
141,24.70885750322191
142,24.836929563023244
143,24.638693290698317
144,26.564391996343954
145,26.278190816474552
146,30.145999698827257
147,19.144794330616104
148,19.03246408430615
149,21.68928366609242
150,25.78240243195726
151,16.440936609485988
152,8.750071784497377
153,8.798174858216772
154,5.932334510247406
155,5.940675676417566
156,5.950325865193233
157,5.959361166004969
158,5.96815064668481
159,5.975030261491417
160,5.976916702956644
161,5.975662864394057
162,5.980947793781032
163,5.979465129915646
164,5.9949741397200516
165,5.987870832156222
166,5.980103664968699
167,5.983334077116201
168,5.9692322903086605
169,5.948476770967573
170,5.9372092123823235
171,8.775978270065846
172,27.21173703292393
173,26.068046805483217
174,-607.6905431459903
175,-811.2418377093769
176,5.947670056283506
177,5.934587919045068
178,8.75873039015026
179,11.413780858259944
180,19.15962874983565
181,5.936602726022652
182,5.958766359618436
183,5.977822744163381
184,5.977356295843201
185,5.973850484324805
186,5.973508567719424
187,5.97304103514157
188,5.977695260342481
189,5.977584780783483
190,2.995151065469787
191,2.995553993029774
192,2.995947746545143
193,2.996344419946965
194,2.9965837513234703
195,2.9968169457077547
196,2.9971146654245793
197,2.9974203043772274
198,2.9973423269369257
199,2.9971789384329752
200,2.9970413437076724
201,2.9969067231616915
202,2.996802519536289
203,2.9967591449418562
204,2.9967575011808054
205,2.9967002436448276
206,2.9966142619016596
207,2.9964334795770506
208,2.996300422578593
209,2.995971370668692
210,2.9957605997895294
211,2.9956248009668562
212,2.9955036614033324
213,2.9957067148867647
214,2.9960397436339523
215,2.99636111555884
216,2.9967696750273
217,2.997011631592748
218,2.9970983205822277
219,2.997110050163257
220,2.9971144286859195
221,2.997062741484455
222,2.996977206730594
223,2.9968680693961334
224,2.996598326975695
225,2.996384964090856
226,2.996037212987476
227,2.9956333433691835
228,2.995281338223509
229,2.9948834052468536
230,2.9944234494720474
231,5.969901572297953
232,5.968735019807355
233,5.953218908621946
234,11.652827951659534
235,17.5866949668413
236,14.57309749456984
237,14.582475035140352
238,11.729878733841293
239,14.578534216796921
240,14.56097566361976
241,14.550922760829817
242,14.557030556772602
243,14.555638505057779
244,14.550530902586976
245,14.554978171235968
246,14.552027927190311
247,14.555219642317805
248,14.553669093681211
249,14.551330444935264
250,14.54752894803634
251,14.54716507872505
252,14.551870781514094
253,14.55166655688264
254,14.557238736824615
255,14.544210913782974
256,14.546014752264998
257,14.553959601541
258,14.550353624155198
259,14.548200480781965
260,14.549455005756815
261,14.553752669673676
262,14.552127716080875
263,14.550774636676316
264,14.551480943806203
265,14.54797894460522
266,14.570433762133987
267,8.849124478625853
268,11.603568142135924
269,14.2818294852371
270,16.97427925682778
271,16.96239925018227
272,16.952649866329292
273,14.270594846156884
274,14.265884391692381
275,14.267468766836576
276,14.269730329753305
277,14.269541210645983
278,14.279116294629032
279,14.26092048570541
280,16.954195132285708
281,16.95626080227446
282,16.948920557303197
283,16.93165126320422
284,16.94762190751479
285,16.96626390434825
286,16.94610034312073
287,16.94631647515989
288,16.941129832341
289,16.953663792950405
290,16.93418979965219
291,16.958451419327435
292,16.948471919869597
293,16.947954844636406
294,14.268467100200532
295,14.271461438174212
296,16.94744519510171
297,16.946749221178905
298,16.949249336556342
299,16.949880174879283
300,16.948140246416827
301,16.95541526249726
302,16.955811414493976
303,16.94944050737641
304,16.946982625087895
305,16.942450297628724
306,16.92817839636553
307,14.270866886386457
308,14.278242760053299
309,11.609158769135917
310,8.847395808124915
311,11.726533310370016
312,14.55163753249562
313,14.542849379393049
314,14.553389762446606
315,14.548946935685887
316,14.545887202442234
317,14.5549885107943
318,14.549234404528603
319,14.546025064973442
320,14.540348283529237
321,14.548756037768733
322,14.551802837264209
323,14.543112578829133
324,14.544066369575665
325,14.544593496837035
326,14.545780107030861
327,14.549084322317352
328,14.549003054686844
329,14.539585124015757
330,14.546968470796354
331,14.548675300129217
332,14.545871367306974
333,14.544830730314391
334,14.541517258633542
335,14.545188229196752
336,14.543702802174781
337,14.54038802767261
338,14.53603091553842
339,14.538464640610847
340,14.540066892950069
341,14.552175030085488
342,14.54985589725465
343,14.54354250424307
344,14.543021296028648
345,14.545151399569539
346,14.542657713507584
347,14.540567200983062
348,14.548745691109543
349,14.542407949161314
350,14.543027379231019
351,14.541525644062581
352,14.549171002397497
353,14.54899406576004
354,14.5402701543954
355,14.538932312493602
356,14.54742235511791
357,14.546207356797554
358,14.542826703192056
359,14.54505469957597
360,14.545854213565686
361,14.549723370496926
362,14.549741732678472
363,14.54575372375927
364,14.548755612981111
365,14.5436207137849
366,14.542276756908032
367,14.545107287647381
368,14.547702478949416
369,14.542873002027559
370,14.547330570567127
371,14.547478311194032
372,14.550145019398236
373,14.542400613630866
374,14.543770112021974
375,14.544557830219503
376,14.542004882406825
377,14.548016118043531
378,14.54053400316226
379,14.543287041548547
380,14.54397744182447
381,14.551162442827446
382,14.545204144366458
383,14.550698597214597
384,14.54544413174484
385,14.551382437665138
386,14.546193324579223
387,14.54468463349626
388,14.54767226965102
389,14.548113568980153
390,14.542292865335058
391,14.548887631463412
392,14.54839395441901
393,14.54983863490667
394,14.54118597766206
395,14.53700183938522
396,14.543604346559391
397,14.540887865794911
398,14.541279033842073
399,14.536666772679293
400,14.545960943310352
401,14.548309131329209
402,14.545088344639442
403,14.543065692347547
404,14.54145865863515
405,14.548004380270916
406,14.549627029252035
407,14.547522094449636
408,14.537278045407636
409,14.542094959225398
410,14.54941018844959
411,14.549979998312104
412,14.543809839813987
413,14.546654308613025
414,14.542158937635499
415,14.539825872846015
416,14.54815669713148
417,14.542922605733548
418,14.55050759241029
419,14.543898469166
420,14.540868413886395
421,14.538050209091043
422,14.541105602919856
423,14.546360896805867
424,14.541470633188025
425,14.54908576149995
426,14.53706876677732
427,14.543145181001236
428,14.548925394025222
429,14.547966137442673
430,14.545949520360587
431,14.540657315171481
432,14.54325503207898
433,14.545582196953395
434,14.543606288499236
435,14.539036507994838
436,14.543488147202812
437,14.541439306205481
438,14.538623541307269
439,14.539326488739519
440,14.543011562255268
441,14.54435848198392
442,14.546746659450584
443,14.533916544169005
444,14.547282745906148
445,14.546270831384511
446,14.543104272070885
447,14.54399633787137
448,14.542145481875316
449,14.541599459703956
450,14.542246432931504
451,14.541722313052649
452,14.542394845142464
453,14.537945690895075
454,14.541805372666495
455,14.546154713535016
456,14.544203355965362
457,14.544907800817985
458,14.541518965952601
459,14.544517475900026
460,14.546522227537416
461,14.538857142256205
462,14.547320723016275
463,14.543133600739186
464,14.540821084428615
465,14.537097866658426
466,14.546772228858693
467,14.541631284331997
468,14.544278628320106
469,14.53827414003306
470,14.544557481388956
471,14.541747823863206
472,14.546651929925613
473,14.540615563194628
474,14.547675973862162
475,14.549986894769841
476,14.552380912352511
477,14.539285265840228
478,14.541067931439471
479,14.538963359889046
480,14.540670460066286
481,14.548998654143322
482,14.545775241166787
483,14.543180309344395
484,14.541526562549546
485,14.54809875216204
486,14.542968105839758
487,14.541349455252426
488,14.546760779663307
489,14.544655410671593
490,14.548513624767867
491,14.544195917633088
492,14.539622394733847
493,14.544830102407843
494,14.536925861559538
495,14.550430784033829
496,14.543094442348462
497,14.538894515630693
498,14.541407191391231
499,14.539243398572053
500,14.540307759154256
501,14.542098317215586
502,14.546308217555799
503,14.549553901192647
504,14.544354060211397
505,14.54895854629812
506,14.542482575697292
507,14.54257015998368
508,14.544414200455787
509,14.54372075053545
510,14.5384145555254
511,14.539824653743723
512,14.544395281452989
513,14.546826671789702
514,14.547542797546045
515,14.543000756260078
516,14.545657582477299
517,14.54268387654184
518,14.548811121798806
519,14.54704269368469
520,14.550205356449649
521,14.546386589525573
522,14.539374667117192
523,14.54186808956188
524,14.539363230299186
525,14.540856843268362
526,14.546003276673314
527,14.544507502823365
528,14.54504173948294
529,14.543362870466652
530,14.538286508115492
531,14.54123968517023
532,14.543690324278103
533,14.549249837006757
534,14.54760101218145
535,14.544700015472898
536,14.537717480698483
537,14.540468494765006
538,14.547681021473482
539,14.54960487036759
540,14.548519149517787
541,14.531315532980578
542,14.54635922013655
543,14.540385808036945
544,14.54805517890523
545,14.546034314608326
546,14.540848835215053
547,14.540606419116788
548,14.541210113741304
549,14.544149383452433
550,14.54369476313994
551,14.549351984227425
552,14.540719797170425
553,14.541085152081969
554,14.543810946384
555,14.544133423743506
556,14.55133348810184
557,14.548987316800876
558,14.538907309113291
559,14.543094121769435
560,14.538795115468991
561,14.54154313522814
562,14.533952854689137
563,14.540524322908563
564,14.54518564345198
565,14.542163067332375
566,14.543117909600864
567,14.541335125404935
568,14.549635620305304
569,14.538626459105615
570,14.549007340223246
571,14.543262379497568
572,14.539783597080676
573,14.54479635403657
574,14.5386046066453
575,14.542956386016034
576,14.54939680555328
577,14.537699811516685
578,14.539759610686867
579,14.54581086800308
580,14.544992293970243
581,14.540285573259538
582,14.545736458429205
583,14.544860638857855
584,14.544017764570267
585,14.541687673780672
586,14.540255510481671
587,14.543053970277063
588,14.541753922120034
589,14.544024436091874
590,14.542389561524399
591,14.546069873299231
592,14.548208945960344
593,14.539738829041728
594,14.54155725257537
595,14.544047782823387
596,14.543662996794575
597,14.539858042330131
598,14.541367902714933
599,14.548768822146833
600,14.539974335464219
601,14.536267482810587
602,14.546511492038361
603,14.540216859248726
604,14.549627342287904
605,14.53892329636834
606,14.550415082524626
607,14.538225389432846
608,14.540297605974715
609,14.542501056894046
610,14.533685788451164
611,14.544237666884396
612,14.54255403426373
613,14.541382832900227
614,14.54074011843598
615,14.543356478640929
616,14.54582010058518
617,14.53697551848439
618,14.53661047426231
619,14.54320180320329
620,14.547627896297142
621,14.5413997104192
622,14.547629119335673
623,14.531435927998773
624,14.54266602743899
625,14.545487187722653
626,14.539225918558762
627,14.53789441365373
628,14.543039061785109
629,14.543636524132452
630,14.535196032163036
631,14.540790189984778
632,14.546485169224152
633,14.540483326906479
634,14.546667538055079
635,14.542165491131948
636,14.551595519685176
637,14.541767200860763
638,14.549499818630249
639,14.54046126830768
640,14.538631424242173
641,14.546832434580121
642,14.546716714643553
643,14.541549609676043
644,14.541337856357899
645,14.545051691223994
646,14.543554733439983
647,14.540318766343695
648,14.540295894378211
649,14.537551024556516
650,14.53651126696128
651,14.544106310011491
652,14.546050408765069
653,14.539530557576754
654,14.542472622273264
655,14.54588999976378
656,14.54388734795846
657,14.539236118442064
658,14.539230709415206
659,14.542752590246254
660,14.547890111310759
661,14.539111811883231
662,14.540764767110831
663,14.544246573467976
664,14.541471245319842
665,14.542404049527446
666,14.53518982044544
667,14.53907800725138
668,14.540295341675709
669,14.540751189472875
670,14.545347540428875
671,14.543052227804896
672,14.543998944000993
673,14.538914994645907
674,14.544251244687501
675,14.551365898394435
676,14.540873838168714
677,14.549151469729853
678,14.539368432697687
679,14.543106382539756
680,14.543556221073533
681,14.54091538000329
682,14.540261358861677
683,14.5410292756073
684,14.537181707881988
685,14.543284125665021
686,14.543044009178322
687,14.548937282366465
688,14.53780560493916
689,14.548568636712407
690,14.549111443454347
691,14.54999791834982
692,14.544897856368237
693,14.5431684964463
694,14.545589472919579
695,14.538236504572895
696,14.544894472284591
697,14.54428561208883
698,14.542764929154387
699,14.546399302973171
700,14.5458039819601
701,14.54646475402267
702,14.539952828953394
703,14.539672613528465
704,14.542058072685402
705,14.542978886481134
706,14.54184413205161
707,14.543439113720922
708,14.544921593459101
709,14.544449897950157
710,14.547326916889446
711,14.54187395353948
712,14.544221958118655
713,14.538703736115874
714,14.540694407750152
715,14.542101299850762
716,14.540701575187873
717,14.538280029018805
718,14.546931189135009
719,14.541345326100046
720,14.538928574592127
721,14.544725758713033
722,14.54075742240538
723,14.529417153842015
724,14.55033239646184
725,14.540522377691149
726,14.542690821556807
727,14.545477015783119
728,14.534484878695634
729,14.552397859022955
730,14.540811832737104
731,14.542712950657016
732,14.542581839141794
733,14.550611781762568
734,14.537994421400239
735,14.54102811359199
736,14.539637142370019
737,14.541420657813347
738,14.536260096747188
739,14.540820318578088
740,14.551610690886125
741,14.54094980751955
742,14.538464694454365
743,14.548395567556767
744,14.546522605282671
745,14.542021193994593
746,14.542750631056446
747,14.543328633253314
748,14.539736128993349
749,14.545630277973146
750,14.538382854609072
751,14.53990698570104
752,14.545618537114883
753,14.540737037125089
754,14.545119164234473
755,14.5456652695966
756,14.543717699938835
757,14.543084263044307
758,14.54093420918862
759,14.543503299749986
760,14.534305603060478
761,14.544148089482901
762,14.542766344311687
763,14.550750966926545
764,14.544215093791582
765,14.545319933472157
766,14.54069569336928
767,14.543349551859002
768,14.539769098789279
769,14.540587015016492
770,14.546341372648277
771,14.539649344249806
772,14.541307357684616
773,14.540006205787144
774,14.53816236586906
775,14.532152571759177
776,14.544199439556765
777,14.546478361282533
778,14.545229761498705
779,14.543297554309298
780,14.544960150609567
781,14.548991912371593
782,14.539209008490895
783,14.543071127758925
784,14.543947380511643
785,14.544357514426881
786,14.540107878509794
787,14.539362954855969
788,14.551170196666256
789,14.542264380221946
790,14.53967407306429
791,14.546021639232569
792,14.545158053569748
793,14.540285307322076
794,14.544298319597855
795,14.538049752659258
796,14.54096489056695
797,14.53990418038456
798,14.542504722607644
799,14.542903771164188
800,14.54363029663982
801,14.536314377757403
802,14.54721978267593
803,14.548296153730345
804,14.547072992779876
805,14.54397161469331
806,14.542312507323214
807,14.54921122592134
808,14.5538984894524
809,14.540744009342077
810,14.54062566099054
811,14.53379818228833
812,14.543491043488308
813,14.537993730978412
814,14.543689756027776
815,14.545165311716696
816,14.540115196501183
817,14.539137449482157
818,14.537313949204297
819,14.542296786338323
820,14.544226352291656
821,14.545054510746073
822,14.543392429214649
823,14.540038141554975
824,14.547160515470416
825,14.547546279307028
826,14.544285285682172
827,14.544484862282294
828,14.545026725930331
829,14.544209780693672
830,14.539375773356305
831,14.540169588739955
832,14.537918562878943
833,14.540662490765513
834,14.539295824459552
835,14.540561799383287
836,14.540314846039392
837,14.53668883029359
838,14.537946638674395
839,14.546080067884379
840,14.545338587354525
841,14.545928819780205
842,14.54364205091193
843,14.53698354144781
844,14.544331697115137
845,14.537273475108362
846,14.54365854538975
847,14.541341208049477
848,14.53722301097725
849,14.546156456965582
850,14.539220438084767
851,14.542460225485046
852,14.543577151322989
853,14.549132044971476
854,14.540412133172143
855,14.539295948555859
856,14.542116120947135
857,14.538681700942089
858,14.544009670321016
859,14.548950647258991
860,14.533296062926805
861,14.54578633453367
862,14.547088046102367
863,14.544210403547073
864,14.544602012014836
865,14.541069345209543
866,14.544186569711513
867,14.541827283652374
868,14.5426337983333
869,14.542160524336236
870,14.539453701964414
871,14.545622663197948
872,14.541417969550904
873,14.542168669011929
874,14.5440267864645
875,14.54244908656504
876,14.536749676145089
877,14.538683148077588
878,14.54067695808526
879,14.543462446055411
880,14.550779434040138
881,14.541241089297639
882,14.544681228714238
883,14.53898449109575
884,14.54313030724453
885,14.540399638678043
886,14.549165655956475
887,14.543705270942773
888,14.542235512995223
889,14.540294344424735
890,14.54130255438565
891,14.546048619607236
892,14.533872013507763
893,14.540840366699605
894,14.541710110544559
895,14.54170318653799
896,14.544263771744141
897,14.540331645555268
898,14.535994326059765
899,14.544617186358256
900,14.534688483207407
901,14.538421357020152
902,14.55058611727425
903,14.538994796640427
904,14.537313630778115
905,14.53946127448878
906,14.544176341336495
907,14.542139983556027
908,14.545240072762423
909,14.544323235941054
910,14.54650603547822
911,14.542434919459325
912,14.535530567837593
913,14.545014045421755
914,14.544855194009864
915,14.539709963864027
916,14.535631375099232
917,14.541730557274308
918,14.547301523141165
919,14.538449841779094
920,14.545607526955886
921,14.548387246778436
922,14.543729929774617
923,14.5454278124137
924,14.547853051419855
925,14.53675084605478
926,14.540254862131764
927,14.539378579521042
928,14.539913774342457
929,14.538947685848434
930,14.542848837375418
931,14.545226029073891
932,14.542582277041392
933,14.543188948132586
934,14.544200262261771
935,14.543379267903381
936,14.541665448396191
937,14.545421586751413
938,14.548946805252692
939,14.542948178632967
940,14.545011817427296
941,14.535541679069087
942,14.540422801824674
943,14.542436747329482
944,14.541171539657984
945,14.54321248428244
946,14.54010502453283
947,14.539557508056463
948,14.544826674252286
949,14.547994125284541
950,14.54284886517314
951,14.549637743915937
952,14.54979270849289
953,14.540681421804184
954,14.539453153024937
955,14.538762930160157
956,14.533100317642958
957,14.546382300317042
958,14.5409641812733
959,14.544998439203397
960,14.539159194682293
961,14.54422441775805
962,14.541040098629718
963,14.542548981477852
964,14.547726821946231
965,14.537448123755281
966,14.53416003105999
967,14.537529902699692
968,14.541210145628924
969,14.545229587850788
970,14.536283246524867
971,14.540460985668496
972,14.553304621618224
973,14.543870605915608
974,14.540307607803175
975,14.54528511018201
976,14.543336071250973
977,14.53460184958784
978,14.542207132794804
979,14.531300868785058
980,14.54785013278853
981,14.534919309553375
982,14.553499903641002
983,14.541450642539314
984,14.547732985482858
985,14.549445494046783
986,14.534669568360954
987,14.542191740085407
988,14.536227740897823
989,14.538788445576964
990,14.538097839828778
991,14.538613879198085
992,14.547893368606033
993,14.537188157745751
994,14.543284314313036
995,14.542422925486603
996,14.545711024768533
997,14.54815517985643
998,14.543571278675246
999,14.543175542827042
1000,14.542888154584867
1001,14.545011920508722
1002,14.54469925483441
1003,14.541286493237296
1004,14.539652424896515
1005,14.546683561972122
1006,14.538211083910491
1007,14.542802651152272
1008,14.538975267444517
1009,14.544989435132226
1010,14.534466599890587
1011,14.545140164108595
1012,14.551300249567655
1013,14.537494014420792
1014,14.541052555094165
1015,14.53940181978184
1016,14.544745953732473
1017,14.545013531961642
1018,14.538925266317428
1019,14.537701083826189
1020,14.534575439418568
1021,14.540100487208546
1022,14.532642387419047
1023,14.539847830932347
1024,14.544820153756282
1025,14.541517581921676
1026,14.539769304739718
1027,14.543230987609057
1028,14.540694817669586
1029,14.538812885906058
1030,14.542333229296364
1031,14.53868736313366
1032,14.54654818893534
1033,14.545693876415587
1034,14.544914464081208
1035,14.543252204841963
1036,14.542984880234913
1037,14.535004559391986
1038,14.540582515860773
1039,14.538506443924417
1040,14.546117507254536
1041,14.53569559703553
1042,14.539031317792997
1043,14.545006594426566
1044,14.545034480593944
1045,14.546525548384576
1046,14.54673136969221
1047,14.540300238442974
1048,14.544409693683239
1049,14.541404490540312
1050,14.542566166872913
1051,14.539814860736971
1052,14.54002698655527
1053,14.544621282042094
1054,14.543422648578677
1055,14.548490668627498
1056,14.544615833141162
1057,14.548157157994883
1058,14.541187418442277
1059,14.54651405595386
1060,14.539842538737048
1061,14.539198945818535
1062,14.543241458984806
1063,14.547868074110538
1064,14.543815376072438
1065,14.535139801897579
1066,14.536573422646086
1067,14.538457186889651
1068,14.542866996324037
1069,14.546812412753503
1070,14.54371845910633
1071,14.538238181762932
1072,14.539080247911862
1073,14.539029728140331
1074,14.54108999311812
1075,14.536707204667339
1076,14.540302451371288
1077,14.539131422460432
1078,14.53642357147628
1079,14.538603153874977
1080,14.538369374172607
1081,14.545479911297303
1082,14.543995980004324
1083,14.540113584262489
1084,14.547328161136752
1085,14.545304328302121
1086,14.543959161716227
1087,14.5381156835542
1088,14.545563536848674
1089,14.54876663496047
1090,14.54284946382176
1091,14.547712447427848
1092,14.539882763376216
1093,14.543046064260107
1094,14.546292830223457
1095,14.540771180844834
1096,14.551017987619959
1097,14.543454827199628
1098,14.534449952684774
1099,14.541802968334345
1100,14.549595977524227
1101,14.535724420969618
1102,14.540215936279942
1103,14.540393971443255
1104,14.538693525942636
1105,14.53697187549221
1106,14.539649396050102
1107,14.541918778198744
1108,14.552297167357306
1109,14.542765726002663
1110,14.542719761577253
1111,14.540203751516604
1112,14.545594839977067
1113,14.542131273350842
1114,14.543180992802576
1115,14.542527913330668
1116,14.542643380760932
1117,14.543189841383
1118,14.541761852681756
1119,14.541276828870817
1120,14.545025520790519
1121,14.538468543024816
1122,14.547969731811007
1123,14.544054255253485
1124,14.55087568926133
1125,14.543985473422506
1126,14.543306430621337
1127,14.53949505891012
1128,14.544027456368987
1129,14.54391693147218
1130,14.539970965351182
1131,14.538121850260955
1132,14.542352591048774
1133,14.534651713678947
1134,14.53561239901094
1135,14.540586592837043
1136,14.539387068361465
1137,14.5415315230903
1138,14.545071971904695
1139,14.545589410506672
1140,14.544163632294634
1141,14.550464716963967
1142,14.540572113392791
1143,14.54638648097131
1144,14.5436597760816
1145,14.541415175857347
1146,14.541385567050877
1147,14.543334378664293
1148,14.536543785807226
1149,14.54510285291924
1150,14.531253496219062
1151,14.540538691667695
1152,14.535268751500528
1153,14.536538691297142
1154,14.54629129884382
1155,14.541801634139098
1156,14.546749598996527
1157,14.546507721792398
1158,14.545435921520724
1159,14.549964147926996
1160,14.538480621391564
1161,14.545246997776472
1162,14.53909409783623
1163,14.542681848002216
1164,14.534191868767596
1165,14.539774318828426
1166,14.547772832192454
1167,14.54670195900902
1168,14.54599662817726
1169,14.53986634147677
1170,14.541248948103997
1171,14.535252285341619
1172,14.542800181079112
1173,14.54804460326421
1174,14.545333158358464
1175,14.54576776016757
1176,14.544445091868088
1177,14.545593765672331
1178,14.544021376309013
1179,14.538086215032068
1180,14.550906906957916
1181,14.539217036722206
1182,14.547202034727801
1183,14.542465652229325
1184,14.545728395600236
1185,14.543026766561647
1186,14.536032152837516
1187,14.536831621686447
1188,14.535975334437156
1189,14.540419707757678
1190,14.54076364443745
1191,14.544955595303524
1192,14.546149368484256
1193,14.544518783043882
1194,14.541802074020348
1195,14.541588697179503
1196,14.543201391171115
1197,14.543390858688525
1198,14.540814809865468
1199,14.541167673614915
1200,14.538519470627126
1201,14.538407204692827
1202,14.542089489371058
1203,14.540090550355142
1204,14.543192154557389
1205,14.544214000002583
1206,14.5387417592088
1207,14.545927889777875
1208,14.537928110687105
1209,14.538072346167214
1210,14.540233937129694
1211,14.546677850556813
1212,14.542141478623778
1213,14.535653665493266
1214,14.541179629238288
1215,14.543816328811037
1216,14.544958236879229
1217,14.542656918440223
1218,14.543323570348402
1219,14.543111501581635
1220,14.54002764322843
1221,14.53858353926655
1222,14.535358996018093
1223,14.541433926808207
1224,14.539897153233944
1225,14.544045523106757
1226,14.545486794221722
1227,14.545905083311833
1228,14.54087444958365
1229,14.539138234611631
1230,14.551601224002178
1231,14.544002966948916
1232,14.543280722237034
1233,14.5453789798838
1234,14.541139365407892
1235,14.536060144192973
1236,14.556104055591904
1237,14.540717984343381
1238,14.5439940302796
1239,14.547371919350784
1240,14.53894521635141
1241,14.54097608660798
1242,14.539473695100602
1243,14.548083289931746
1244,14.539656066789128
1245,14.541559737325958
1246,14.545159957342198
1247,14.546568224394795
1248,14.545395549068989
1249,14.540211062770235
1250,14.545446238598498
1251,14.542682452170254
1252,14.545935019169091
1253,14.539180774567752
1254,14.540759806459478
1255,14.541244230151364
1256,14.541774551750528
1257,14.543450536725055
1258,14.536749500795207
1259,14.545227386711172
1260,14.541536349056246
1261,14.543599333824595
1262,14.53793137477655
1263,14.539205886291064
1264,14.541335321492419
1265,14.540442600565443
1266,14.5437850596429
1267,14.549593762246673
1268,14.546825035428562
1269,14.546806314766695
1270,14.543761933677219
1271,14.542534608529627
1272,14.545590087118782
1273,14.542498154609447
1274,14.546866263272896
1275,14.537061206761013
1276,14.536554759634496
1277,14.53748823423635
1278,14.539647128320087
1279,14.541071665148895
1280,14.547974684434836
1281,14.544000661970415
1282,14.548020374478305
1283,14.536860506014133
1284,14.544040430088343
1285,14.539638714877933
1286,14.54514347557509
1287,14.539012362571274
1288,14.545041926273566
1289,14.541521998940924
1290,14.545787163762585
1291,14.545461749627579
1292,14.540159735962533
1293,14.543863221818276
1294,14.540738938390467
1295,14.539340465723898
1296,14.545200088073564
1297,14.538665232274353
1298,14.545298382637009
1299,14.543896188908247
1300,14.54447750556661
1301,14.536062189577969
1302,14.537127919523389
1303,14.550245987955206
1304,14.537904761969878
1305,14.549301167158873
1306,14.535909205458733
1307,14.545856264133597
1308,14.54033750500679
1309,14.544042797571628
1310,14.543080108567185
1311,14.547217226415441
1312,14.54955951209943
1313,14.537078928065135
1314,14.54634804185618
1315,14.542829713225968
1316,14.540097507603424
1317,14.548575379837747
1318,14.538071602858793
1319,14.539242149490548
1320,14.537996248714723
1321,14.540775834148153
1322,14.54686941176339
1323,14.543763289106902
1324,14.544729028037306
1325,14.544803004890548
1326,14.54501705246844
1327,14.548028215344779
1328,14.550530100146773
1329,14.542194079818223
1330,14.541987475827877
1331,14.534302474754291
1332,14.54417126381636
1333,14.534459250483962
1334,14.5415304606367
1335,14.537958940362072
1336,14.539089394796036
1337,14.535331491862198
1338,14.544594710446937
1339,14.546821172882865
1340,14.544731756292155
1341,14.539976142927
1342,14.544142363356533
1343,14.543665477128675
1344,14.541404200937738
1345,14.548460552191045
1346,14.542559719018083
1347,14.538517338613302
1348,14.539093722279754
1349,14.54165709025446
1350,14.544768397255728
1351,14.54111697443414
1352,14.542140055016162
1353,14.54211557156555
1354,14.539421561948895
1355,14.544468676081808
1356,14.53986271242015
1357,14.544834316258852
1358,14.549581679941099
1359,14.543970655779049
1360,14.543613455604117
1361,14.545780711076416
1362,14.541982547688677
1363,14.551959283996588
1364,14.540477409734855
1365,14.548393197966515
1366,14.539336951099575
1367,14.542261448129636
1368,14.541099695784462
1369,14.542188624275402
1370,14.545555150858807
1371,14.547972389173434
1372,14.544744141462747
1373,14.544604142431737
1374,14.547587861616197
1375,14.541220363251016
1376,14.539496953440834
1377,14.541900316358273
1378,14.543178495515686
1379,14.543653847747365
1380,14.54811303768007
1381,14.539043085654212
1382,14.542334504124248
1383,14.545524285820248
1384,14.555103286246801
1385,14.544389521071395
1386,14.547175048685052
1387,14.5480170450208
1388,14.536158956437655
1389,14.544006778981657
1390,14.539102816800119
1391,14.54377167337982
1392,14.550804527925488
1393,14.541707825404389
1394,14.542179806958826
1395,14.545663569064331
1396,14.541336208112504
1397,14.541829387028665
1398,14.545652703876547
1399,14.540642799754519
1400,14.545786464300152
1401,14.544934602497687
1402,14.541644525468204
1403,14.545294600520709
1404,14.540168730435305
1405,14.542893958321164
1406,14.539876164981758
1407,14.543875490857253
1408,14.537703217721718
1409,14.5402497674099
1410,14.54517990948039
1411,14.543371662562429
1412,14.542702889725216
1413,14.537756744019807
1414,14.541159453718826
1415,14.539512566983667
1416,14.545814119632107
1417,14.538715101458312
1418,14.540127250066863
1419,14.541182256237146
1420,14.540443704584547
1421,14.552045044443512
1422,14.541772915322486
1423,14.539243646300722
1424,14.54124583592737
1425,14.540977972604212
1426,14.543652473349034
1427,14.54377882728203
1428,14.54450561667711
1429,14.541724327421957
1430,14.543942513635873
1431,14.540426655910881
1432,14.542175336443437
1433,14.536594681269026
1434,14.543578758670806
1435,14.542738400280385
1436,14.539786092357026
1437,14.542010804310518
1438,14.538436127382099
1439,14.544270686594992
1440,14.540633012421228
1441,14.546755235435981
1442,14.542930768450292
1443,14.546195476221003
1444,14.5423883902918
1445,14.542749619012083
1446,14.54663053635588
1447,14.544639485381214
1448,14.553920633726465
1449,14.548593097334884
1450,14.53896785101012
1451,14.539972083900341
1452,14.545657181007154
1453,14.539395961708937
1454,14.535542718857265
1455,14.543009438216998
1456,14.533482054858501
1457,14.53887273680629
1458,14.543562402141504
1459,14.535194955384911
1460,14.546224107257165
1461,14.545342857067876
1462,14.54115936278448
1463,14.543208025028836
1464,14.537716724484156
1465,14.546477428016594
1466,14.54222965251838
1467,14.539581530128913
1468,14.537363012710598
1469,14.542378294346413
1470,14.54535941522578
1471,14.547195681646249
1472,14.546343781618317
1473,14.539062719004777
1474,14.532407176420254
1475,14.537684284425058
1476,14.543320354542132
1477,14.542728770481396
1478,14.541848228186858
1479,14.54602905437038
1480,14.542973067564745
1481,14.549646117778813
1482,14.544401048361301
1483,14.539163015761192
1484,14.537432133641701
1485,14.541906809630449
1486,14.537535798506216
1487,14.537088365716812
1488,14.541996394324897
1489,14.535172199633678
1490,14.53772240020167
1491,14.544241162989293
1492,14.544075287813019
1493,14.53543564509459
1494,14.540803432190934
1495,14.545770356781388
1496,14.543364075016441
1497,14.53538876381222
1498,14.543274733921653
1499,14.550296978881477
1500,14.54084781890737
1501,14.547212830948073
1502,14.549550329154657
1503,14.537249338919688
1504,14.536813721321305
1505,14.547739003456824
1506,14.550085756439127
1507,14.55097682982796
1508,14.542927212137622
1509,14.550364798405159
1510,14.537717362801995
1511,14.546854346258682
1512,14.546535856285754
1513,14.546174062997677
1514,14.539345484425077
1515,14.540394328746235
1516,14.542413007093728
1517,14.539193186803105
1518,14.542254523414158
1519,14.543248398002639
1520,14.541186819729445
1521,14.538985388872742
1522,14.546345550831134
1523,14.540311331964896
1524,14.548428713180193
1525,14.548495847974714
1526,14.539197633697722
1527,14.536772642494384
1528,14.552568687591897
1529,14.539366835981928
1530,14.547822781250662
1531,14.54561386423817
1532,14.541915725253105
1533,14.541898896929347
1534,14.54621106741747
1535,14.542056997822671
1536,14.542386207425432
1537,14.537804154143164
1538,14.536369704277782
1539,14.543970481854878
1540,14.55098022764183
1541,14.547360890401109
1542,14.53874346166345
1543,14.54333472089719
1544,14.545987143817909
1545,14.53963927663841
1546,14.549636363804268
1547,14.545019658668586
1548,14.542279823635436
1549,14.543456159114687
1550,14.555091744616687
1551,14.539831836694983
1552,14.536382729444398
1553,14.541920872982617
1554,14.538908744477734
1555,14.540905190053607
1556,14.546434468123154
1557,14.544015996678047
1558,14.540966274464195
1559,14.543559238533241
1560,14.540110023412689
1561,14.543968739599546
1562,14.544914442359818
1563,14.539891019299242
1564,14.540966381253057
1565,14.54343536534908
1566,14.544587080495502
1567,14.539155888057262
1568,14.541223568220818
1569,14.544617243176923
1570,14.53941019880758
1571,14.539287185333967
1572,14.542408174006846
1573,14.542032076407645
1574,14.537135843858328
1575,14.539512297512974
1576,14.5362183460391
1577,14.54863950350218
1578,14.53627656116113
1579,14.538532765042588
1580,14.536460403129457
1581,14.544003597497241
1582,14.546750846523949
1583,14.54097433726116
1584,14.541220845521206
1585,14.542662597919449
1586,14.541953435521933
1587,14.53488011490741
1588,14.541909925924386
1589,14.540089780972448
1590,14.542057385910706
1591,14.546762287596234
1592,14.54428425548367
1593,14.539748602543195
1594,14.54691616836578
1595,14.536829733819399
1596,14.543806092223807
1597,14.537809565453149
1598,14.548422283346259
1599,14.544207756220493
1600,14.546846334531132
1601,14.533181479946464
1602,14.546981463711116
1603,14.542251547346602
1604,14.542894933635106
1605,14.541592599388974
1606,14.5446392523304
1607,14.549753253064292
1608,14.538945166170151
1609,14.536932692717384
1610,14.541744057358795
1611,14.544181148456495
1612,14.541188377233926
1613,14.544081611859575
1614,14.546218827995453
1615,14.541744240638904
1616,14.54079004171109
1617,14.545642840597713
1618,14.545390848985148
1619,14.544378614250917
1620,14.540251502795632
1621,14.537049985718614
1622,14.542001484765699
1623,14.541663136529642
1624,14.539881316252316
1625,14.547545147806504
1626,14.539897054335523
1627,14.541344240154352
1628,14.544246674448296
1629,14.551124583660062
1630,14.541059570393404
1631,14.548860465746941
1632,14.542189220612467
1633,14.547011825855247
1634,14.535670042594273
1635,14.54659318239352
1636,14.546286767382934
1637,14.550261443850703
1638,14.548172686659834
1639,14.539055628556529
1640,14.536089290184087
1641,14.549779468314952
1642,14.544360330491251
1643,14.531317409223494
1644,14.545624814531962
1645,14.539738474304949
1646,14.542518210467604
1647,14.542724488176109
1648,14.548687202012214
1649,14.553337533328303
1650,14.540900913652651
1651,14.544582238298627
1652,14.535206767564706
1653,14.53968902959723
1654,14.542872092659191
1655,14.544763757530056
1656,14.543221385026996
1657,14.538834878540765
1658,14.542383091696857
1659,14.541274180495865
1660,14.547490105945162
1661,14.542302263173658
1662,14.536978291199967
1663,14.5431615094755
1664,14.536971884061987
1665,14.543236600126946
1666,14.5402697732803
1667,14.540651754229858
1668,14.547916329451693
1669,14.542590899167637
1670,14.542248370764582
1671,14.539077372981943
1672,14.538399585237942
1673,14.543623738981866
1674,14.541799411893374
1675,14.542206883287559
1676,14.53551919149156
1677,14.543883405232014
1678,14.541196343543323
1679,14.542839296004228
1680,14.54034158570791
1681,14.544561712713083
1682,14.542608069948752
1683,14.539175573358479
1684,14.547684174497496
1685,14.541376536908283
1686,14.537496011097394
1687,14.542910423318032
1688,14.541910229455919
1689,14.540293722314123
1690,14.543298584383322
1691,14.544378929996283
1692,14.539179728706003
1693,14.54568954481226
1694,14.543397431674805
1695,14.54976520142933
1696,14.543264587156024
1697,14.542574607639803
1698,14.536105424406415
1699,14.536902382738038
1700,14.53907471793555
1701,14.542625178589025
1702,14.545223702114654
1703,14.546333146358368
1704,14.552311177596518
1705,14.542947713100945
1706,14.543920454065987
1707,14.536178202516304
1708,14.542876761927435
1709,14.552960446931465
1710,14.546137363571752
1711,14.545211219984338
1712,14.543561469971127
1713,14.533966006399922
1714,14.545680074517916
1715,14.541920307022455
1716,14.539596746707517
1717,14.543261665840209
1718,14.543106994022995
1719,14.54637353627217
1720,14.545228057966808
1721,14.543396220716293
1722,14.542216871458278
1723,14.539852444504803
1724,14.54055744751036
1725,14.542016953515311
1726,14.535800850404298
1727,14.538073863293091
1728,14.53607717490637
1729,14.54166848215217
1730,14.540966409957674
1731,14.546138188806223
1732,14.53852817420564
1733,14.540964207494142
1734,14.542223641998591
1735,14.538220375379272
1736,14.546873738940224
1737,14.539880251341057
1738,14.536857878343273
1739,14.541108070916003
1740,14.551442948621613
1741,14.54294179108789
1742,14.543854314601248
1743,14.542956301176043
1744,14.541261529400312
1745,14.539730612518035
1746,14.543427090849967
1747,14.54659904425628
1748,14.5450517795184
1749,14.545327826610677
1750,14.54473083135252
1751,14.53873629967915
1752,14.540074362347273
1753,14.542044441373164
1754,14.544754824541481
1755,14.544110593194974
1756,14.540514749083014
1757,14.542405362470406
1758,14.541472493124598
1759,14.54385326081097
1760,14.54075053080862
1761,14.536690001647749
1762,14.548091790285898
1763,14.544796423280609
1764,14.543325232442047
1765,14.536975603089825
1766,14.541135023721758
1767,14.546194823322418
1768,14.534534366230066
1769,14.543254074917682
1770,14.533245685190309
1771,14.53763561975002
1772,14.536165838085797
1773,14.54536893167598
1774,14.543310712969541
1775,14.542641244045123
1776,14.546502224755164
1777,14.545942964633317
1778,14.542062117379217
1779,14.537745002411292
1780,14.547134191385407
1781,14.536493764167956
1782,14.54705855301331
1783,14.537916033157035
1784,14.542683225471256
1785,14.551785279718457
1786,14.54554177970505
1787,14.545343304205655
1788,14.548526431989343
1789,14.543234225025133
1790,14.54097398359139
1791,14.538643530276127
1792,14.53520332668397
1793,14.543965427592065
1794,14.543552511540025
1795,14.53928401738886
1796,14.54249411692906
1797,14.541039224637336
1798,14.542687157482604
1799,14.541617844805609
1800,14.542696583723712
1801,14.539254339333084
1802,14.544012173357224
1803,14.548747381969651
1804,14.543140949249544
1805,14.542657251682103
1806,14.53891221073122
1807,14.544511401963616
1808,14.540492804225295
1809,14.542021904549493
1810,14.54124668229542
1811,14.544644744759424
1812,14.541856584606576
1813,14.54447517125483
1814,14.549038314206733
1815,14.54304085344014
1816,14.537147428019608
1817,14.546161261876355
1818,14.544177514497825
1819,14.543396461445981
1820,14.539608805997432
1821,14.543533329529975
1822,14.54800665141201
1823,14.543035968295863
1824,14.544256764236929
1825,14.540443136369129
1826,14.542939861203514
1827,14.546681569628872
1828,14.541783466060568
1829,14.54592672593052
1830,14.541509377425623
1831,14.544487829479678
1832,14.549087955351347
1833,14.547924585363857
1834,14.549887242421672
1835,14.541366109570728
1836,14.538861917417726
1837,14.548003613533647
1838,14.539780296587784
1839,14.546851801652366
1840,14.539525148162411
1841,14.544923229154364
1842,14.543482183897336
1843,14.539902461857796
1844,14.543486061341442
1845,14.539258872014422
1846,14.537672781412839
1847,14.546116246745516
1848,14.537724547927587
1849,14.547066005735797
1850,14.538592018084747
1851,14.539724360851235
1852,14.539753241825448
1853,14.54624522984227
1854,14.542981028002163
1855,14.54339253712057
1856,14.549332945357857
1857,14.536930535701021
1858,14.544940146879028
1859,14.542002362174486
1860,14.545367048162227
1861,14.539696547426278
1862,14.543130228721115
1863,14.542490695288281
1864,14.54897414002113
1865,14.543178914156478
1866,14.544402454014545
1867,14.539492349698445
1868,14.546923122861891
1869,14.539724622315758
1870,14.536419255497576
1871,14.545499122712371
1872,14.549838075997672
1873,14.542470858723684
1874,14.538576416312795
1875,14.547317730899886
1876,14.548170457703165
1877,14.53895243230718
1878,14.546520633825965
1879,14.54325841221127
1880,14.539727208604852
1881,14.537835409933317
1882,14.546693744071646
1883,14.54290311131641
1884,14.537184930064516
1885,14.548166491258321
1886,14.53495192499871
1887,14.540791815674336
1888,14.544119551388485
1889,14.546035962025607
1890,14.534662774978457
1891,14.546702855937603
1892,14.540133588886524
1893,14.537332292489197
1894,14.547529770518635
1895,14.545907583637469
1896,14.539363775542983
1897,14.549327622494204
1898,14.540090132131857
1899,14.53841991750431
1900,14.541322478283456
1901,14.548690570593008
1902,14.541195987430207
1903,14.541265677722386
1904,14.54129478031957
1905,14.539324735148483
1906,14.548500519132922
1907,14.536333975059867
1908,14.538742327011473
1909,14.544962871826215
1910,14.545742671129068
1911,14.553986229369997
1912,14.541937261473324
1913,14.542866723893884
1914,14.54772221297397
1915,14.539247777903476
1916,14.537238250507329
1917,14.535429258054508
1918,14.541855730501462
1919,14.536896285254308
1920,14.538937278234158
1921,14.546080225249993
1922,14.539601856620475
1923,14.54141341062095
1924,14.542587998446686
1925,14.549817841041992
1926,14.539137927609188
1927,14.538882251377688
1928,14.539016713746795
1929,14.543624805903345
1930,14.53867229126318
1931,14.545238662779676
1932,14.547677908761546
1933,14.537384716325615
1934,14.544463930913544
1935,14.538443031939158
1936,14.54476745178102
1937,14.542214950793776
1938,14.541678339385765
1939,14.542753834259052
1940,14.544922713385965
1941,14.541032164023829
1942,14.545079267102407
1943,14.55050761884663
1944,14.549357870678445
1945,14.542636347710802
1946,14.549138836010007
1947,14.539801046540006
1948,14.549066862840675
1949,14.54463559731101
1950,14.542699858087875
1951,14.545637273712709
1952,14.538444646792762
1953,14.540282333682407
1954,14.543488519057345
1955,14.536771278564792
1956,14.548120170754169
1957,14.54537886098245
1958,14.541906414996884
1959,14.536889813295208
1960,14.54571579911275
1961,14.54260420204962
1962,14.543348428034118
1963,14.545127813774211
1964,14.542264459846178
1965,14.536860255155524
1966,14.547774789626416
1967,14.549158440764963
1968,14.539833005666761
1969,14.536883965215212
1970,14.538422671512562
1971,14.547104836102907
1972,14.543413809015373
1973,14.542816377074308
1974,14.543168236939236
1975,14.543593089027796
1976,14.547241545820473
1977,14.551385515502837
1978,14.539419663458371
1979,14.543112339626184
1980,14.537978591914685
1981,14.541653166560602
1982,14.542413982869817
1983,14.54806089797031
1984,14.536838294275677
1985,14.547756910909728
1986,14.54893273342724
1987,14.545257957663901
1988,14.534525143766206
1989,14.543367942371265
1990,14.541424983450161
1991,14.545324171091252
1992,14.544753617514681
1993,14.54121996647285
1994,14.538647642311785
1995,14.536140388238445
1996,14.545842228692809
1997,14.54444224236811
1998,14.540711388799679
1999,14.539305071838001
2000,14.542202857372859
